Bond Coeffs # class2

   1     1.4170   470.8361  -627.6179  1327.6345 # c5-cp
   2     1.4170   470.8361  -627.6179  1327.6345 # c5-c5
   3     1.3912   447.0438  -784.5346   886.1671 # c5-nb
   4     1.4170   470.8361  -627.6179  1327.6345 # cp-cp
   5     1.0982   372.8251  -803.4526   894.3173 # cp-hc
   6     1.5010   321.9021  -521.8208   572.1628 # cp-c2
   7     1.5060    312.3517   -582.1861    339.8971 # c5-c=2
   8     1.5300   299.6700  -501.7700   679.8100 # c2-c2
   9     1.1010   345.0000  -691.8900   844.6000 # c2-hc
  10     1.3400   543.9900 -1238.2025  1644.0282 # c=2-c=2
  11     1.4520    327.1657   -547.8990    526.5000 # c=2-nb
  12     1.4200    400.3954   -835.1951   1313.0142 # c=2-oc
  13     1.3768   428.8798  -738.2351  1114.9655 # c5-oc
  14     1.5140   312.3719  -465.8290   473.8300 # c2-c_0
  15     1.2160   823.7948 -1878.7940  2303.5311 # c_0-o_1
  16     1.8230    225.2768   -327.7057    488.9722 # cp-sc
  17     1.3485   508.8587  -977.6914  1772.5134 # cp-np
  18     1.3768   428.8798  -738.2351  1114.9655 # cp-oc
  19     1.4200   400.3954  -835.1951  1313.0142 # oc-c1
  20     1.3768   428.8798  -738.2351  1114.9655 # cp-oh
  21     1.8230    225.2768   -327.7057    488.9722 # c5-sc
  22     1.5300   299.6700  -501.7700   679.8100 # c2-c1
  23     1.5300   299.6700  -501.7700   679.8100 # c1-c3
  24     1.5010   321.9021  -521.8208   572.1628 # cp-c1
  25     1.1010   345.0000  -691.8900   844.6000 # c1-hc
  26     1.0012   465.8608 -1066.2360  1496.5647 # nb-hn
  27     1.5300   299.6700  -501.7700   679.8100 # c2-c3
  28     1.1010   345.0000  -691.8900   844.6000 # c3-hc
  29     0.9650   532.5062 -1282.9050  2004.7658 # oh-ho